/*--------------------------------*- C++ -*----------------------------------*\
| =========                 |                                                 |
| \\      /  F ield         | OpenFOAM: The Open Source CFD Toolbox           |
|  \\    /   O peration     | Version:  2206                                  |
|   \\  /    A nd           | Website:  www.openfoam.com                      |
|    \\/     M anipulation  |                                                 |
\*---------------------------------------------------------------------------*/
FoamFile
{
    version     2.0;
    format      ascii;
    arch        "LSB;label=32;scalar=64";
    class       faceList;
    location    "constant/polyMesh";
    object      faces;
}
// * * * * * * * * * * * * * * * * * * * * * * * * * * * * * * * * * * * * * //


381
(
4(1 8 120 113)
4(7 119 120 8)
4(2 9 121 114)
4(8 120 121 9)
4(3 10 122 115)
4(9 121 122 10)
4(4 11 123 116)
4(10 122 123 11)
4(5 12 124 117)
4(11 123 124 12)
4(12 124 125 13)
4(8 15 127 120)
4(14 126 127 15)
4(9 16 128 121)
4(15 127 128 16)
4(10 17 129 122)
4(16 128 129 17)
4(11 18 130 123)
4(17 129 130 18)
4(12 19 131 124)
4(18 130 131 19)
4(19 131 132 20)
4(15 22 134 127)
4(21 133 134 22)
4(16 23 135 128)
4(22 134 135 23)
4(17 24 136 129)
4(23 135 136 24)
4(18 25 137 130)
4(24 136 137 25)
4(19 26 138 131)
4(25 137 138 26)
4(26 138 139 27)
4(22 29 141 134)
4(28 140 141 29)
4(23 30 142 135)
4(29 141 142 30)
4(24 31 143 136)
4(30 142 143 31)
4(25 32 144 137)
4(31 143 144 32)
4(26 33 145 138)
4(32 144 145 33)
4(33 145 146 34)
4(29 36 148 141)
4(35 147 148 36)
4(30 37 149 142)
4(36 148 149 37)
4(31 38 150 143)
4(37 149 150 38)
4(32 39 151 144)
4(38 150 151 39)
4(33 40 152 145)
4(39 151 152 40)
4(40 152 153 41)
4(36 43 155 148)
4(42 154 155 43)
4(37 44 156 149)
4(43 155 156 44)
4(38 45 157 150)
4(44 156 157 45)
4(39 46 158 151)
4(45 157 158 46)
4(40 47 159 152)
4(46 158 159 47)
4(47 159 160 48)
4(43 50 162 155)
4(49 161 162 50)
4(44 51 163 156)
4(50 162 163 51)
4(45 52 164 157)
4(51 163 164 52)
4(46 53 165 158)
4(52 164 165 53)
4(47 54 166 159)
4(53 165 166 54)
4(54 166 167 55)
4(50 57 169 162)
4(56 168 169 57)
4(51 58 170 163)
4(57 169 170 58)
4(52 59 171 164)
4(58 170 171 59)
4(53 60 172 165)
4(59 171 172 60)
4(54 61 173 166)
4(60 172 173 61)
4(61 173 174 62)
4(57 64 176 169)
4(63 175 176 64)
4(58 65 177 170)
4(64 176 177 65)
4(59 66 178 171)
4(65 177 178 66)
4(60 67 179 172)
4(66 178 179 67)
4(61 68 180 173)
4(67 179 180 68)
4(68 180 181 69)
4(64 71 183 176)
4(70 182 183 71)
4(65 72 184 177)
4(71 183 184 72)
4(66 73 185 178)
4(72 184 185 73)
4(67 74 186 179)
4(73 185 186 74)
4(68 75 187 180)
4(74 186 187 75)
4(75 187 188 76)
4(71 78 190 183)
4(77 189 190 78)
4(72 79 191 184)
4(78 190 191 79)
4(73 80 192 185)
4(79 191 192 80)
4(74 81 193 186)
4(80 192 193 81)
4(75 82 194 187)
4(81 193 194 82)
4(82 194 195 83)
4(78 85 197 190)
4(84 196 197 85)
4(79 86 198 191)
4(85 197 198 86)
4(80 87 199 192)
4(86 198 199 87)
4(81 88 200 193)
4(87 199 200 88)
4(82 89 201 194)
4(88 200 201 89)
4(89 201 202 90)
4(85 92 204 197)
4(91 203 204 92)
4(86 93 205 198)
4(92 204 205 93)
4(87 94 206 199)
4(93 205 206 94)
4(88 95 207 200)
4(94 206 207 95)
4(89 96 208 201)
4(95 207 208 96)
4(96 208 209 97)
4(92 99 211 204)
4(98 210 211 99)
4(93 100 212 205)
4(99 211 212 100)
4(94 101 213 206)
4(100 212 213 101)
4(95 102 214 207)
4(101 213 214 102)
4(96 103 215 208)
4(102 214 215 103)
4(103 215 216 104)
4(99 106 218 211)
4(100 107 219 212)
4(101 108 220 213)
4(102 109 221 214)
4(103 110 222 215)
4(0 112 119 7)
4(7 119 126 14)
4(14 126 133 21)
4(21 133 140 28)
4(28 140 147 35)
4(35 147 154 42)
4(42 154 161 49)
4(49 161 168 56)
4(56 168 175 63)
4(63 175 182 70)
4(70 182 189 77)
4(77 189 196 84)
4(84 196 203 91)
4(91 203 210 98)
4(98 210 217 105)
4(0 1 113 112)
4(1 2 114 113)
4(2 3 115 114)
4(3 4 116 115)
4(4 5 117 116)
4(5 6 118 117)
4(6 13 125 118)
4(13 20 132 125)
4(20 27 139 132)
4(27 34 146 139)
4(34 41 153 146)
4(41 48 160 153)
4(48 55 167 160)
4(55 62 174 167)
4(62 69 181 174)
4(69 76 188 181)
4(76 83 195 188)
4(83 90 202 195)
4(90 97 209 202)
4(97 104 216 209)
4(104 111 223 216)
4(105 217 218 106)
4(106 218 219 107)
4(107 219 220 108)
4(108 220 221 109)
4(109 221 222 110)
4(110 222 223 111)
4(0 7 8 1)
4(7 14 15 8)
4(14 21 22 15)
4(21 28 29 22)
4(28 35 36 29)
4(35 42 43 36)
4(42 49 50 43)
4(49 56 57 50)
4(56 63 64 57)
4(63 70 71 64)
4(70 77 78 71)
4(77 84 85 78)
4(84 91 92 85)
4(91 98 99 92)
4(98 105 106 99)
4(1 8 9 2)
4(8 15 16 9)
4(15 22 23 16)
4(22 29 30 23)
4(29 36 37 30)
4(36 43 44 37)
4(43 50 51 44)
4(50 57 58 51)
4(57 64 65 58)
4(64 71 72 65)
4(71 78 79 72)
4(78 85 86 79)
4(85 92 93 86)
4(92 99 100 93)
4(99 106 107 100)
4(2 9 10 3)
4(9 16 17 10)
4(16 23 24 17)
4(23 30 31 24)
4(30 37 38 31)
4(37 44 45 38)
4(44 51 52 45)
4(51 58 59 52)
4(58 65 66 59)
4(65 72 73 66)
4(72 79 80 73)
4(79 86 87 80)
4(86 93 94 87)
4(93 100 101 94)
4(100 107 108 101)
4(3 10 11 4)
4(10 17 18 11)
4(17 24 25 18)
4(24 31 32 25)
4(31 38 39 32)
4(38 45 46 39)
4(45 52 53 46)
4(52 59 60 53)
4(59 66 67 60)
4(66 73 74 67)
4(73 80 81 74)
4(80 87 88 81)
4(87 94 95 88)
4(94 101 102 95)
4(101 108 109 102)
4(4 11 12 5)
4(11 18 19 12)
4(18 25 26 19)
4(25 32 33 26)
4(32 39 40 33)
4(39 46 47 40)
4(46 53 54 47)
4(53 60 61 54)
4(60 67 68 61)
4(67 74 75 68)
4(74 81 82 75)
4(81 88 89 82)
4(88 95 96 89)
4(95 102 103 96)
4(102 109 110 103)
4(5 12 13 6)
4(12 19 20 13)
4(19 26 27 20)
4(26 33 34 27)
4(33 40 41 34)
4(40 47 48 41)
4(47 54 55 48)
4(54 61 62 55)
4(61 68 69 62)
4(68 75 76 69)
4(75 82 83 76)
4(82 89 90 83)
4(89 96 97 90)
4(96 103 104 97)
4(103 110 111 104)
4(112 113 120 119)
4(119 120 127 126)
4(126 127 134 133)
4(133 134 141 140)
4(140 141 148 147)
4(147 148 155 154)
4(154 155 162 161)
4(161 162 169 168)
4(168 169 176 175)
4(175 176 183 182)
4(182 183 190 189)
4(189 190 197 196)
4(196 197 204 203)
4(203 204 211 210)
4(210 211 218 217)
4(113 114 121 120)
4(120 121 128 127)
4(127 128 135 134)
4(134 135 142 141)
4(141 142 149 148)
4(148 149 156 155)
4(155 156 163 162)
4(162 163 170 169)
4(169 170 177 176)
4(176 177 184 183)
4(183 184 191 190)
4(190 191 198 197)
4(197 198 205 204)
4(204 205 212 211)
4(211 212 219 218)
4(114 115 122 121)
4(121 122 129 128)
4(128 129 136 135)
4(135 136 143 142)
4(142 143 150 149)
4(149 150 157 156)
4(156 157 164 163)
4(163 164 171 170)
4(170 171 178 177)
4(177 178 185 184)
4(184 185 192 191)
4(191 192 199 198)
4(198 199 206 205)
4(205 206 213 212)
4(212 213 220 219)
4(115 116 123 122)
4(122 123 130 129)
4(129 130 137 136)
4(136 137 144 143)
4(143 144 151 150)
4(150 151 158 157)
4(157 158 165 164)
4(164 165 172 171)
4(171 172 179 178)
4(178 179 186 185)
4(185 186 193 192)
4(192 193 200 199)
4(199 200 207 206)
4(206 207 214 213)
4(213 214 221 220)
4(116 117 124 123)
4(123 124 131 130)
4(130 131 138 137)
4(137 138 145 144)
4(144 145 152 151)
4(151 152 159 158)
4(158 159 166 165)
4(165 166 173 172)
4(172 173 180 179)
4(179 180 187 186)
4(186 187 194 193)
4(193 194 201 200)
4(200 201 208 207)
4(207 208 215 214)
4(214 215 222 221)
4(117 118 125 124)
4(124 125 132 131)
4(131 132 139 138)
4(138 139 146 145)
4(145 146 153 152)
4(152 153 160 159)
4(159 160 167 166)
4(166 167 174 173)
4(173 174 181 180)
4(180 181 188 187)
4(187 188 195 194)
4(194 195 202 201)
4(201 202 209 208)
4(208 209 216 215)
4(215 216 223 222)
)


// ************************************************************************* //
