/*--------------------------------*- C++ -*----------------------------------*\
| =========                 |                                                 |
| \\      /  F ield         | OpenFOAM: The Open Source CFD Toolbox           |
|  \\    /   O peration     | Version:  2206                                  |
|   \\  /    A nd           | Website:  www.openfoam.com                      |
|    \\/     M anipulation  |                                                 |
\*---------------------------------------------------------------------------*/
FoamFile
{
    version     2.0;
    format      ascii;
    arch        "LSB;label=32;scalar=64";
    note        "nPoints:224  nCells:90  nFaces:381  nInternalFaces:159";
    class       labelList;
    location    "constant/polyMesh";
    object      owner;
}
// * * * * * * * * * * * * * * * * * * * * * * * * * * * * * * * * * * * * * //


381
(
0
0
1
1
2
2
3
3
4
4
5
6
6
7
7
8
8
9
9
10
10
11
12
12
13
13
14
14
15
15
16
16
17
18
18
19
19
20
20
21
21
22
22
23
24
24
25
25
26
26
27
27
28
28
29
30
30
31
31
32
32
33
33
34
34
35
36
36
37
37
38
38
39
39
40
40
41
42
42
43
43
44
44
45
45
46
46
47
48
48
49
49
50
50
51
51
52
52
53
54
54
55
55
56
56
57
57
58
58
59
60
60
61
61
62
62
63
63
64
64
65
66
66
67
67
68
68
69
69
70
70
71
72
72
73
73
74
74
75
75
76
76
77
78
78
79
79
80
80
81
81
82
82
83
84
85
86
87
88
0
6
12
18
24
30
36
42
48
54
60
66
72
78
84
0
1
2
3
4
5
5
11
17
23
29
35
41
47
53
59
65
71
77
83
89
84
85
86
87
88
89
0
6
12
18
24
30
36
42
48
54
60
66
72
78
84
1
7
13
19
25
31
37
43
49
55
61
67
73
79
85
2
8
14
20
26
32
38
44
50
56
62
68
74
80
86
3
9
15
21
27
33
39
45
51
57
63
69
75
81
87
4
10
16
22
28
34
40
46
52
58
64
70
76
82
88
5
11
17
23
29
35
41
47
53
59
65
71
77
83
89
0
6
12
18
24
30
36
42
48
54
60
66
72
78
84
1
7
13
19
25
31
37
43
49
55
61
67
73
79
85
2
8
14
20
26
32
38
44
50
56
62
68
74
80
86
3
9
15
21
27
33
39
45
51
57
63
69
75
81
87
4
10
16
22
28
34
40
46
52
58
64
70
76
82
88
5
11
17
23
29
35
41
47
53
59
65
71
77
83
89
)


// ************************************************************************* //
