/*--------------------------------*- C++ -*----------------------------------*\
| =========                 |                                                 |
| \\      /  F ield         | OpenFOAM: The Open Source CFD Toolbox           |
|  \\    /   O peration     | Version:  2206                                  |
|   \\  /    A nd           | Website:  www.openfoam.com                      |
|    \\/     M anipulation  |                                                 |
\*---------------------------------------------------------------------------*/
FoamFile
{
    version     2.0;
    format      ascii;
    arch        "LSB;label=32;scalar=64";
    class       vectorField;
    location    "constant/polyMesh";
    object      points;
}
// * * * * * * * * * * * * * * * * * * * * * * * * * * * * * * * * * * * * * //


224
(
(-0.05 1 0)
(-0.03333333333 1 0)
(-0.01666666667 1 0)
(0 1 0)
(0.01666666667 1 0)
(0.03333333333 1 0)
(0.05 1 0)
(-0.05 1.066666667 0)
(-0.03333333333 1.066666667 0)
(-0.01666666667 1.066666667 0)
(0 1.066666667 0)
(0.01666666667 1.066666667 0)
(0.03333333333 1.066666667 0)
(0.05 1.066666667 0)
(-0.05 1.133333333 0)
(-0.03333333333 1.133333333 0)
(-0.01666666667 1.133333333 0)
(0 1.133333333 0)
(0.01666666667 1.133333333 0)
(0.03333333333 1.133333333 0)
(0.05 1.133333333 0)
(-0.05 1.2 0)
(-0.03333333333 1.2 0)
(-0.01666666667 1.2 0)
(0 1.2 0)
(0.01666666667 1.2 0)
(0.03333333333 1.2 0)
(0.05 1.2 0)
(-0.05 1.266666667 0)
(-0.03333333333 1.266666667 0)
(-0.01666666667 1.266666667 0)
(0 1.266666667 0)
(0.01666666667 1.266666667 0)
(0.03333333333 1.266666667 0)
(0.05 1.266666667 0)
(-0.05 1.333333333 0)
(-0.03333333333 1.333333333 0)
(-0.01666666667 1.333333333 0)
(0 1.333333333 0)
(0.01666666667 1.333333333 0)
(0.03333333333 1.333333333 0)
(0.05 1.333333333 0)
(-0.05 1.4 0)
(-0.03333333333 1.4 0)
(-0.01666666667 1.4 0)
(0 1.4 0)
(0.01666666667 1.4 0)
(0.03333333333 1.4 0)
(0.05 1.4 0)
(-0.05 1.466666667 0)
(-0.03333333333 1.466666667 0)
(-0.01666666667 1.466666667 0)
(0 1.466666667 0)
(0.01666666667 1.466666667 0)
(0.03333333333 1.466666667 0)
(0.05 1.466666667 0)
(-0.05 1.533333333 0)
(-0.03333333333 1.533333333 0)
(-0.01666666667 1.533333333 0)
(0 1.533333333 0)
(0.01666666667 1.533333333 0)
(0.03333333333 1.533333333 0)
(0.05 1.533333333 0)
(-0.05 1.6 0)
(-0.03333333333 1.6 0)
(-0.01666666667 1.6 0)
(0 1.6 0)
(0.01666666667 1.6 0)
(0.03333333333 1.6 0)
(0.05 1.6 0)
(-0.05 1.666666667 0)
(-0.03333333333 1.666666667 0)
(-0.01666666667 1.666666667 0)
(0 1.666666667 0)
(0.01666666667 1.666666667 0)
(0.03333333333 1.666666667 0)
(0.05 1.666666667 0)
(-0.05 1.733333333 0)
(-0.03333333333 1.733333333 0)
(-0.01666666667 1.733333333 0)
(0 1.733333333 0)
(0.01666666667 1.733333333 0)
(0.03333333333 1.733333333 0)
(0.05 1.733333333 0)
(-0.05 1.8 0)
(-0.03333333333 1.8 0)
(-0.01666666667 1.8 0)
(0 1.8 0)
(0.01666666667 1.8 0)
(0.03333333333 1.8 0)
(0.05 1.8 0)
(-0.05 1.866666667 0)
(-0.03333333333 1.866666667 0)
(-0.01666666667 1.866666667 0)
(0 1.866666667 0)
(0.01666666667 1.866666667 0)
(0.03333333333 1.866666667 0)
(0.05 1.866666667 0)
(-0.05 1.933333333 0)
(-0.03333333333 1.933333333 0)
(-0.01666666667 1.933333333 0)
(0 1.933333333 0)
(0.01666666667 1.933333333 0)
(0.03333333333 1.933333333 0)
(0.05 1.933333333 0)
(-0.05 2 0)
(-0.03333333333 2 0)
(-0.01666666667 2 0)
(0 2 0)
(0.01666666667 2 0)
(0.03333333333 2 0)
(0.05 2 0)
(-0.05 1 1)
(-0.03333333333 1 1)
(-0.01666666667 1 1)
(0 1 1)
(0.01666666667 1 1)
(0.03333333333 1 1)
(0.05 1 1)
(-0.05 1.066666667 1)
(-0.03333333333 1.066666667 1)
(-0.01666666667 1.066666667 1)
(0 1.066666667 1)
(0.01666666667 1.066666667 1)
(0.03333333333 1.066666667 1)
(0.05 1.066666667 1)
(-0.05 1.133333333 1)
(-0.03333333333 1.133333333 1)
(-0.01666666667 1.133333333 1)
(0 1.133333333 1)
(0.01666666667 1.133333333 1)
(0.03333333333 1.133333333 1)
(0.05 1.133333333 1)
(-0.05 1.2 1)
(-0.03333333333 1.2 1)
(-0.01666666667 1.2 1)
(0 1.2 1)
(0.01666666667 1.2 1)
(0.03333333333 1.2 1)
(0.05 1.2 1)
(-0.05 1.266666667 1)
(-0.03333333333 1.266666667 1)
(-0.01666666667 1.266666667 1)
(0 1.266666667 1)
(0.01666666667 1.266666667 1)
(0.03333333333 1.266666667 1)
(0.05 1.266666667 1)
(-0.05 1.333333333 1)
(-0.03333333333 1.333333333 1)
(-0.01666666667 1.333333333 1)
(0 1.333333333 1)
(0.01666666667 1.333333333 1)
(0.03333333333 1.333333333 1)
(0.05 1.333333333 1)
(-0.05 1.4 1)
(-0.03333333333 1.4 1)
(-0.01666666667 1.4 1)
(0 1.4 1)
(0.01666666667 1.4 1)
(0.03333333333 1.4 1)
(0.05 1.4 1)
(-0.05 1.466666667 1)
(-0.03333333333 1.466666667 1)
(-0.01666666667 1.466666667 1)
(0 1.466666667 1)
(0.01666666667 1.466666667 1)
(0.03333333333 1.466666667 1)
(0.05 1.466666667 1)
(-0.05 1.533333333 1)
(-0.03333333333 1.533333333 1)
(-0.01666666667 1.533333333 1)
(0 1.533333333 1)
(0.01666666667 1.533333333 1)
(0.03333333333 1.533333333 1)
(0.05 1.533333333 1)
(-0.05 1.6 1)
(-0.03333333333 1.6 1)
(-0.01666666667 1.6 1)
(0 1.6 1)
(0.01666666667 1.6 1)
(0.03333333333 1.6 1)
(0.05 1.6 1)
(-0.05 1.666666667 1)
(-0.03333333333 1.666666667 1)
(-0.01666666667 1.666666667 1)
(0 1.666666667 1)
(0.01666666667 1.666666667 1)
(0.03333333333 1.666666667 1)
(0.05 1.666666667 1)
(-0.05 1.733333333 1)
(-0.03333333333 1.733333333 1)
(-0.01666666667 1.733333333 1)
(0 1.733333333 1)
(0.01666666667 1.733333333 1)
(0.03333333333 1.733333333 1)
(0.05 1.733333333 1)
(-0.05 1.8 1)
(-0.03333333333 1.8 1)
(-0.01666666667 1.8 1)
(0 1.8 1)
(0.01666666667 1.8 1)
(0.03333333333 1.8 1)
(0.05 1.8 1)
(-0.05 1.866666667 1)
(-0.03333333333 1.866666667 1)
(-0.01666666667 1.866666667 1)
(0 1.866666667 1)
(0.01666666667 1.866666667 1)
(0.03333333333 1.866666667 1)
(0.05 1.866666667 1)
(-0.05 1.933333333 1)
(-0.03333333333 1.933333333 1)
(-0.01666666667 1.933333333 1)
(0 1.933333333 1)
(0.01666666667 1.933333333 1)
(0.03333333333 1.933333333 1)
(0.05 1.933333333 1)
(-0.05 2 1)
(-0.03333333333 2 1)
(-0.01666666667 2 1)
(0 2 1)
(0.01666666667 2 1)
(0.03333333333 2 1)
(0.05 2 1)
)


// ************************************************************************* //
