/*--------------------------------*- C++ -*----------------------------------*\
  =========                 |
  \\      /  F ield         | OpenFOAM: The Open Source CFD Toolbox
   \\    /   O peration     | Website:  https://openfoam.org
    \\  /    A nd           | Version:  8
     \\/     M anipulation  |
\*---------------------------------------------------------------------------*/
FoamFile
{
    version     2.0;
    format      binary;
    class       faceSet;
    location    "constant/polyMesh/sets";
    object      wrongFaces;
}
// * * * * * * * * * * * * * * * * * * * * * * * * * * * * * * * * * * * * * //


552
(
5123 
5128 
5132 
5137 
5141 
5150 
5151 
5152 
2082 
2084 
2085 
5157 
2086 
5158 
3111 
5159 
3113 
3114 
3115 
5163 
2092 
5164 
5165 
3121 
2097 
5170 
2101 
3126 
2102 
5174 
2103 
3130 
2106 
3131 
2107 
5179 
3132 
2108 
2109 
3135 
5183 
3136 
3137 
3138 
5188 
5192 
5201 
5202 
5203 
5208 
5209 
5210 
5214 
5215 
5216 
5221 
5225 
5230 
5234 
5239 
5243 
5252 
5253 
5254 
5259 
5260 
5261 
5265 
5266 
5267 
5272 
5276 
5277 
5281 
5285 
5289 
5290 
5294 
5295 
2229 
2231 
5303 
2232 
5304 
2233 
5305 
3260 
5309 
3262 
5310 
3263 
2239 
5311 
3264 
3265 
3266 
5314 
3267 
5315 
3268 
2244 
5316 
3269 
2248 
3273 
2249 
5321 
3274 
1226 
2250 
5322 
3275 
1227 
5323 
1228 
1229 
2253 
5325 
3278 
2254 
5326 
3279 
2255 
5327 
3280 
2256 
3281 
3282 
3283 
3284 
5332 
3285 
5333 
5334 
5335 
5336 
5337 
5340 
5341 
5342 
5347 
5348 
5349 
5353 
5354 
5355 
5359 
5360 
5361 
5385 
5386 
5387 
5392 
5393 
5394 
5398 
5399 
5400 
5404 
5405 
5406 
5433 
5434 
5435 
5440 
5441 
5442 
5446 
5447 
5448 
2376 
2378 
1355 
2379 
5452 
1356 
2380 
5453 
1357 
5454 
1358 
1359 
1360 
1361 
2386 
1362 
3413 
3414 
3415 
2391 
1367 
3416 
1368 
1369 
1370 
2395 
1371 
2396 
1372 
2397 
1373 
1374 
2400 
2401 
2402 
2403 
5481 
5482 
5483 
5488 
5489 
5490 
5494 
5495 
5496 
5500 
5501 
5502 
5529 
5530 
5531 
5536 
5537 
5538 
5542 
5543 
5544 
5548 
5549 
5550 
5577 
5578 
5579 
5584 
5585 
5586 
5590 
5591 
5592 
1496 
1498 
2523 
1499 
5596 
1500 
5597 
2525 
5598 
2526 
2527 
1504 
1505 
2533 
1509 
1513 
2538 
1514 
1515 
2542 
1518 
2543 
1519 
2544 
1520 
1521 
2547 
2548 
2549 
2550 
5625 
5626 
5627 
5632 
5633 
5634 
5638 
5639 
5640 
5644 
5645 
5646 
5673 
5674 
5675 
5680 
5681 
5682 
5686 
5687 
5688 
5692 
5693 
5694 
5721 
5722 
5723 
5728 
5729 
4705 
5730 
4709 
5734 
5735 
5736 
4713 
1641 
1643 
5740 
1644 
5741 
1645 
5742 
4718 
2670 
4719 
2672 
2673 
2674 
1651 
4723 
4724 
2680 
1656 
4729 
1660 
2685 
1661 
4733 
1662 
2689 
1665 
2690 
1666 
2691 
1667 
1668 
2694 
4742 
2695 
4743 
2696 
4744 
5769 
2697 
5770 
5771 
4749 
4750 
4751 
5776 
5777 
5778 
4755 
4756 
4757 
5782 
5783 
5784 
4762 
5788 
5789 
5790 
4766 
4771 
4775 
4780 
4784 
5817 
4793 
5818 
4794 
5819 
4795 
5824 
4800 
5825 
4801 
5826 
4802 
5830 
4806 
5831 
4807 
5832 
4808 
5836 
5837 
4813 
5838 
4817 
4822 
4826 
4831 
4835 
5865 
5866 
5867 
4844 
4845 
4846 
5871 
5872 
5873 
4851 
4852 
5877 
4853 
5878 
5879 
5881 
4857 
5882 
4858 
5883 
4859 
1788 
1790 
1791 
1792 
4864 
2817 
2819 
2820 
4868 
2821 
1798 
4873 
2827 
1803 
4877 
1807 
2832 
1808 
1809 
4882 
2836 
1812 
2837 
1813 
5910 
2838 
1814 
4886 
5911 
1815 
5912 
2841 
2842 
2843 
2844 
5918 
5919 
4895 
5920 
4896 
4897 
5922 
5923 
5924 
4902 
4903 
4904 
4908 
4909 
4910 
4915 
4919 
4924 
4928 
4933 
4937 
4946 
4947 
4948 
4953 
4954 
4955 
4959 
4960 
4961 
4966 
4970 
4975 
4979 
4984 
4988 
4997 
4998 
4999 
5004 
5005 
5006 
1935 
1937 
1938 
5010 
1939 
5011 
2964 
5012 
2966 
2967 
2968 
1945 
5017 
5021 
2974 
1950 
1954 
5026 
2979 
1955 
1956 
5030 
2983 
1959 
2984 
1960 
2985 
1961 
1962 
5035 
2988 
2989 
2990 
2991 
5039 
5048 
5049 
5050 
5055 
5056 
5057 
5061 
5062 
5063 
5068 
5072 
5077 
5081 
5086 
5090 
5099 
5100 
5101 
5106 
5107 
5108 
5112 
5113 
5114 
5119 
)

// ************************************************************************* //
